1 19
1 45
2 16
2 17
2 29
2 5
2 7
2 63
2 60
2 45
2 62
2 77
3 17
3 5
3 54
4 17
4 10
5 33
5 36
5 7
5 73
5 10
5 45
5 66
5 77
5 16
5 17
5 21
5 54
5 23
5 60
5 29
6 32
6 49
6 53
6 38
6 73
6 26
6 30
7 16
7 17
7 63
7 29
7 45
7 62
7 77
8 18
9 17
9 66
9 35
9 52
9 11
9 31
10 17
10 47
11 17
11 66
11 35
11 52
11 31
12 37
13 33
13 34
13 69
13 41
13 43
13 76
13 45
13 15
13 17
13 18
13 51
13 27
13 61
14 17
15 27
15 33
15 61
15 51
15 69
15 18
15 41
15 43
15 76
15 45
16 68
16 28
16 74
16 45
16 77
16 17
16 51
16 54
16 73
16 60
16 29
16 62
16 63
17 64
17 70
17 77
17 20
17 21
17 22
17 23
17 29
17 31
17 33
17 35
17 36
17 37
17 40
17 66
17 71
17 45
17 46
17 73
17 51
17 52
17 54
17 55
17 56
17 60
18 76
18 33
18 61
18 51
18 69
18 41
18 45
18 63
19 45
21 54
22 37
22 55
23 67
23 73
24 37
25 56
25 51
25 46
25 54
26 32
26 49
26 53
26 73
26 38
26 30
27 33
27 61
27 69
27 41
27 43
27 76
27 45
29 62
29 60
29 45
29 77
29 63
30 32
30 49
30 53
30 73
30 38
31 66
31 35
31 52
32 49
32 53
32 73
32 38
33 34
33 41
33 43
33 76
33 45
33 77
33 51
33 61
33 69
34 69
34 41
34 43
34 76
34 45
35 66
35 52
37 50
37 55
37 57
37 42
37 59
37 72
38 49
38 53
38 73
39 56
39 60
41 69
41 43
41 76
41 45
41 51
41 61
41 63
43 69
43 45
43 76
43 61
44 75
44 45
45 76
45 69
45 51
45 61
45 62
46 48
46 51
46 54
46 65
46 56
48 74
49 51
49 73
49 54
49 53
51 69
51 74
51 76
51 54
51 56
51 58
51 61
51 63
52 66
53 73
54 56
54 60
56 58
60 68
60 73
60 77
60 63
61 69
61 76
62 63
62 77
63 68
63 77
66 73
67 73
69 76
71 73
