1 33
1 2
1 101
1 81
1 103
1 8
1 78
1 45
1 14
1 79
1 49
1 18
1 53
1 54
1 87
1 90
1 29
1 94
2 101
2 72
2 105
2 78
2 13
2 14
2 93
2 48
2 49
2 82
2 53
2 54
2 55
2 90
2 79
2 61
2 94
3 18
3 105
3 73
3 27
3 93
3 14
3 45
4 88
4 17
4 31
4 89
5 68
5 6
5 9
5 11
5 77
5 16
5 21
5 22
5 89
5 24
5 100
5 31
5 96
5 97
5 98
5 35
5 36
5 102
5 51
5 52
5 58
5 60
5 63
6 97
6 50
6 51
6 24
6 58
6 43
6 21
7 80
7 65
7 83
7 104
7 57
7 58
7 76
7 46
8 71
8 73
8 78
8 79
8 82
8 14
8 90
8 91
8 93
8 94
8 33
8 101
8 103
8 105
8 39
8 45
8 47
8 29
8 48
8 49
8 53
8 55
8 59
8 61
9 52
9 22
9 24
9 89
9 60
10 20
10 37
10 22
10 41
10 92
10 26
10 75
10 28
10 95
11 35
11 52
11 22
11 89
11 77
12 24
12 58
12 50
12 22
13 49
13 39
13 14
13 55
14 49
14 73
14 78
14 79
14 80
14 18
14 67
14 23
14 91
14 93
14 30
14 39
14 82
14 29
14 48
14 72
14 54
14 55
14 59
14 61
15 97
15 50
15 20
15 70
15 104
15 58
15 63
16 98
16 100
16 38
16 52
16 44
17 52
17 38
17 36
18 73
18 90
18 27
18 93
18 45
19 32
19 49
19 40
19 62
19 33
20 64
20 34
20 37
20 41
20 42
20 75
20 92
20 58
20 91
20 28
20 62
21 96
21 97
21 98
21 104
21 43
21 50
21 22
21 25
21 24
21 89
21 58
21 60
21 102
21 69
22 35
22 98
22 99
22 51
22 74
22 34
22 58
22 52
22 24
22 89
22 26
22 63
22 60
22 83
22 95
23 73
23 66
23 67
23 39
24 74
24 83
24 84
24 89
24 69
24 96
24 97
24 34
24 102
24 43
24 50
24 52
24 95
24 60
24 62
24 63
25 89
25 43
25 102
25 51
26 86
26 85
26 92
26 58
27 72
27 105
27 45
28 92
28 75
28 86
29 45
29 49
30 80
30 39
31 35
31 99
31 88
31 89
31 36
32 71
32 70
32 55
33 82
33 40
33 78
33 81
33 55
33 39
33 62
34 64
34 92
35 51
35 89
36 51
36 52
37 92
37 50
38 98
38 44
38 100
39 65
39 66
39 70
39 73
39 76
39 82
39 78
39 87
39 91
39 94
39 101
39 103
39 47
39 49
39 55
39 56
39 61
40 82
40 62
41 75
41 82
41 103
42 82
42 55
43 104
43 51
43 97
43 74
44 98
44 100
45 73
45 71
45 105
45 72
46 80
46 49
46 55
47 73
47 55
47 61
48 88
49 71
49 55
49 90
49 59
50 96
50 97
50 68
50 64
50 77
50 89
50 63
50 69
50 95
51 68
51 98
51 100
51 89
51 52
52 99
52 77
52 89
52 58
52 63
53 55
53 82
53 94
54 101
54 61
54 79
55 101
55 73
55 103
55 82
55 91
55 94
56 80
56 65
56 76
57 64
57 65
57 76
58 96
58 97
58 98
58 99
58 68
58 104
58 64
58 89
58 63
58 95
59 61
59 93
61 101
61 93
62 82
62 104
62 63
63 96
63 97
63 68
63 104
63 81
64 80
64 65
64 91
65 80
65 76
66 73
67 73
67 70
68 97
68 102
68 89
69 97
69 104
70 73
71 90
72 79
73 105
73 80
73 93
74 98
74 95
75 82
75 92
76 80
78 94
78 81
78 82
79 101
79 82
80 87
80 103
81 94
82 101
82 91
84 89
84 97
85 86
87 91
87 103
88 99
89 98
89 97
89 104
89 96
89 99
91 94
93 105
95 97
96 97
96 104
97 104
98 99
98 100
