1 191
1 194
1 307
2 13
2 68
2 205
2 338
3 4
3 107
3 336
4 107
4 336
5 198
5 315
6 7
6 260
7 33
7 49
7 104
7 168
7 183
7 187
7 239
7 258
7 260
8 157
8 336
9 22
9 54
9 228
10 33
10 174
10 176
10 178
10 216
10 258
10 334
10 343
10 357
11 296
12 51
12 86
12 152
12 163
13 16
13 38
13 68
13 71
13 145
13 205
13 379
13 242
13 322
13 329
13 338
14 29
14 189
14 238
15 236
15 248
15 305
16 242
17 154
18 176
19 192
20 69
20 73
20 94
20 262
20 265
21 48
21 102
21 336
22 51
22 54
22 59
22 213
22 228
23 46
23 52
23 67
23 108
23 128
23 130
23 145
23 280
23 359
24 44
24 133
24 302
24 320
25 57
25 244
25 253
26 33
26 240
26 268
27 256
28 309
29 140
29 189
29 238
30 65
30 123
30 192
30 318
30 326
30 364
31 110
31 248
32 88
32 92
32 156
32 210
32 224
32 297
33 35
33 36
33 42
33 43
33 47
33 49
33 55
33 62
33 87
33 97
33 149
33 168
33 178
33 216
33 233
33 235
33 239
33 246
33 250
33 258
33 286
33 303
33 304
33 317
33 333
33 344 
33 346
33 348
33 357
33 367
33 370
34 270
35 168
35 87
35 250
35 258
35 304
35 344
35 357
37 38
37 280
37 351
37 358
38 137
38 144
38 153
38 379
38 273
38 280
38 322
38 338
38 358
39 107
40 100
40 151
40 177
40 179
40 256
40 342
41 69
41 78
41 79
41 120
41 321
42 55
42 258
43 80
43 97
43 149
43 301
43 303
44 96
44 106
44 133
44 302
44 319
44 320
44 357
45 115
45 176
45 342
45 343
46 67
46 52
46 108
46 128
46 130
46 143
46 145
46 219
46 223
46 266
46 280 
46 281
46 354
46 359
47 62
47 235
47 348
48 102
48 198
48 336
49 73
49 168
50 237
51 59
51 86
51 152
51 163
51 191
51 213
51 221
51 229
51 231
51 241
51 269
51 270
51 274
51 363
51 366
51 365
51 378 
52 241
52 280
52 358
52 362
53 204
53 212
54 228
55 258
56 248
56 263
56 292
56 323
56 352
57 244
57 253
58 262
59 152
59 213
59 229
60 134
60 230
60 280
60 283
60 288
61 209
61 357
62 235
62 348
63 194
63 215
63 271
63 284
63 330
63 337
63 349
64 111
64 188
65 123
65 192
65 318
65 326
65 364
66 136
66 241
66 362
67 145
67 359
68 155
68 205
68 338
69 73
69 78
69 94
69 98
69 120
69 253
69 262
69 280
69 321
69 358
70 160
70 182
70 248
70 335
70 352
71 145
72 318
72 364
73 98
73 262
73 321
74 99
74 150
74 169
74 270
75 187
75 282
75 328
76 113
76 187
76 211
76 300
76 332
76 371
77 81
77 220
77 255
77 272
77 356
77 358
78 120
78 321
80 97
80 149
81 220
81 255
81 272
82 296
83 173
83 198
83 202
83 257
84 234
84 309
84 312
85 141
85 252
85 324
86 152
86 163
87 168
87 250
87 258
87 304
87 344
87 357
88 92
88 156
88 210
88 224
89 165
89 180
89 318
89 364
90 91
90 155
90 159
90 197
90 226
90 276
90 345
91 155
91 197
91 226
91 345
92 156
92 210
92 224
93 243
93 248
95 103
95 127
95 186
96 106
96 319
96 357
97 149
97 301
97 303
98 321
99 169
99 270
100 256
101 104
101 111
101 114
101 188
101 314
101 372
102 336
103 127
103 131
103 186
103 267
104 111
104 114
104 183
104 187
104 188
104 211
104 278
104 282
104 314
104 372
105 210
105 358
105 362
106 319
106 357
107 336
108 128
108 130
108 145
109 136
109 241
110 248
111 114
111 188
111 314
111 339
111 372
112 187
112 211
112 336
113 187
113 211
113 300
113 332
113 371
114 188
114 314
114 339
114 372
115 342
116 191
116 252
116 294
116 306
116 327
116 350
116 355
117 118
117 157
117 167
117 313
118 157
119 290
119 318
120 222
120 253
120 321
121 237
121 262
121 341
122 248
123 192
123 318
123 326
123 364
124 132
124 171
124 196
125 243
125 248
125 155
126 295
126 298
126 297
126 210
127 131
127 267
127 186
128 145
129 170
129 248
130 145
131 127
131 186
131 267
132 195
132 259
132 185
132 196
132 171
132 168
133 302
133 320
134 230
135 241
135 275
136 241
136 362
137 144
138 154
138 340
139 174
140 238
142 175
142 289
142 306
142 331
142 146
143 223
143 266
145 359
145 329
145 379
145 128
146 331
146 218
146 181
146 164
146 148
146 289
146 306
146 175
147 168
147 377
147 197
147 155
148 164
148 218
148 181
149 214
149 316
149 303
149 301
150 270
151 179
151 177
151 342
152 163
152 213
152 229
153 273
154 291
154 158
154 340
154 338
155 208
155 226
155 345
155 377
155 197
155 162
155 205
155 248
155 168
156 224
156 210
157 336
157 313
157 167
158 338
159 299
159 276
159 171
159 259
159 197
160 182
160 248
160 335
161 247
161 238
161 189
161 201
162 168
163 221
163 241
164 181
164 218
165 318
166 202
166 198
166 257
167 313
168 357
168 346
168 367
168 333
168 286
168 299
168 279
168 239
168 233
168 377
168 197
168 259
168 196
168 171
168 304
168 250
168 344
168 258  
169 270
170 248
171 196
171 299
171 195
171 279
171 184
171 200
171 259
171 185
171 343
171 176
172 243
172 287
173 198
173 202
173 257
174 334
175 289
175 306
175 331
176 343
176 361
176 206
176 195
176 296 
177 179
177 342
178 357
178 258
179 342
180 318
181 218
182 335
182 193
182 186
182 330
182 284
182 271
182 248
183 187
184 200
185 196
186 267
187 282
187 300
187 371
187 332
187 251
187 279
187 211
187 328
188 339
188 372
188 314
189 247
189 369
189 238
189 201   
190 202
190 198
191 366
191 254
191 373
191 355
191 350
191 327
191 307
191 294
191 306
191 238
191 252
191 231
191 378
191 274
191 213
192 364
192 326
192 318
193 330
193 284
193 271
194 215
194 347
194 311
194 349
194 330
194 337
194 284
194 271
195 343
195 196
196 259
197 377
197 276
197 226
197 345
198 315
198 257
198 202
198 336
199 310
199 280
199 318
201 369
202 257
203 261
203 340
203 374
204 212
205 338
206 343
207 375
207 358
207 362
208 248
209 357
210 297
210 295
210 298
210 224
210 362
210 358
211 300
211 371
211 332
211 282
212 338
213 365
213 229
213 231
213 366
214 316
215 271
215 349
215 330
215 337
215 284
217 248
219 354
220 255
220 272
221 241
223 266
225 335
225 232  
226 293
226 309
226 345
227 336
230 288 
231 365
231 366
232 335
233 258
234 376
234 309
234 312
235 348
236 305
236 248
237 341
237 262
238 247
238 378
239 258
240 268
241 362
241 360
241 249
241 275
241 280
241 358
243 287
243 352
243 248
244 253
245 318
246 258
246 317
246 344
248 353
248 264
248 285
248 277
248 352
248 335
248 318
248 309
248 305
248 336 
249 358
249 275
250 304
250 258
250 357
250 344
251 282
252 324
252 355
252 350
252 327
252 294
252 306
252 274
254 294
254 373
255 272  
258 344
258 367
258 370
258 317
258 333
258 286
258 304
258 357
259 299
261 340
261 374
262 341
263 352
264 353
264 285
269 270
271 284
271 347
271 311
271 349
271 330
271 337
274 378
274 294
274 366
275 360
280 358
280 283
280 310
280 281
280 362
280 318
282 328
284 337
284 347
284 311
284 349
284 330
285 353
286 333
289 306
289 331        
290 318
293 309
293 345
294 307
294 373
294 355
294 350
294 327
294 306
295 297
295 298
296 325
296 328
296 343
297 298
300 332
300 371
302 320
304 357
304 344
306 355
306 350
306 327
306 331
308 362
309 376
309 345
309 312
310 318
311 347
311 330
314 372
317 344
318 326
318 364
319 357
322 338
323 352
325 328
326 364
327 350
327 355
330 349
330 347
330 337
332 371
335 352
335 368
337 349
338 379
340 374
346 367
350 355
351 362
356 358
358 375
358 362
362 375
366 378