1|Q:-0.037639710716633815|Result:[[0], [1], [2], [3], [4], [5], [6], [7], [8], [10], [11], [12], [13], [17], [19], [21], [31], [30], [32], [9], [27], [28], [16], [33], [14], [15], [18], [20], [22], [23], [25], [24], [29, 26]]
2|Q:-0.020381328073635782|Result:[[0], [1], [2], [3], [4], [5], [6], [7], [8], [10], [11], [12], [13], [17], [19], [21], [31], [30], [32], [9], [27], [28], [16], [14], [15], [18], [20], [22], [23], [25], [24], [33, 29, 26]]
3|Q:-0.004191321499013828|Result:[[0], [1], [2], [3], [4], [5], [6], [7], [8], [10], [11], [12], [13], [17], [19], [21], [31], [30], [32], [9], [27], [28], [16], [14], [15], [18], [20], [22], [25], [24], [23, 33, 29, 26]]
4|Q:0.012245233399079541|Result:[[0], [1], [2], [3], [4], [5], [6], [7], [8], [10], [11], [12], [13], [17], [19], [21], [31], [30], [32], [9], [28], [16], [14], [15], [18], [20], [22], [25], [24], [27, 23, 33, 29, 26]]
5|Q:0.02440828402366864|Result:[[0], [1], [2], [3], [4], [5], [7], [8], [10], [11], [12], [13], [17], [19], [21], [31], [30], [32], [9], [28], [14], [15], [18], [20], [22], [25], [24], [27, 23, 33, 29, 26], [6, 16]]
6|Q:0.048076923076923045|Result:[[0], [1], [2], [3], [4], [7], [8], [10], [11], [12], [13], [17], [19], [21], [31], [30], [32], [9], [28], [14], [15], [18], [20], [22], [25], [24], [27, 23, 33, 29, 26], [5, 6, 16]]
7|Q:0.060568704799474044|Result:[[1], [2], [3], [4], [7], [8], [10], [11], [12], [13], [17], [19], [21], [31], [30], [32], [9], [28], [14], [15], [18], [20], [22], [25], [24], [27, 23, 33, 29, 26], [0, 5, 6, 16]]
8|Q:0.07979947403024326|Result:[[1], [2], [3], [4], [7], [8], [11], [12], [13], [17], [19], [21], [31], [30], [32], [9], [28], [14], [15], [18], [20], [22], [25], [24], [27, 23, 33, 29, 26], [10, 0, 5, 6, 16]]
9|Q:0.11111111111111113|Result:[[1], [2], [3], [7], [8], [11], [12], [13], [17], [19], [21], [31], [30], [32], [9], [28], [14], [15], [18], [20], [22], [25], [24], [27, 23, 33, 29, 26], [4, 10, 0, 5, 6, 16]]
10|Q:0.12319197896120977|Result:[[1], [2], [3], [7], [8], [11], [12], [13], [17], [19], [21], [31], [30], [32], [9], [28], [14], [15], [18], [20], [22], [27, 23, 33, 29, 26], [4, 10, 0, 5, 6, 16], [25, 24]]
11|Q:0.14587442472057854|Result:[[1], [2], [3], [7], [8], [11], [12], [13], [17], [19], [21], [30], [32], [9], [28], [14], [15], [18], [20], [22], [27, 23, 33, 29, 26], [4, 10, 0, 5, 6, 16], [31, 25, 24]]
12|Q:0.1577087442472058|Result:[[1], [2], [7], [8], [11], [13], [17], [19], [21], [30], [32], [9], [28], [14], [15], [18], [20], [22], [27, 23, 33, 29, 26], [4, 10, 0, 5, 6, 16], [31, 25, 24], [3, 12]]
13|Q:0.16904996712689022|Result:[[2], [7], [8], [11], [13], [17], [19], [30], [32], [9], [28], [14], [15], [18], [20], [22], [27, 23, 33, 29, 26], [4, 10, 0, 5, 6, 16], [31, 25, 24], [3, 12], [1, 21]]
14|Q:0.18022682445759372|Result:[[7], [8], [11], [13], [17], [19], [30], [32], [28], [14], [15], [18], [20], [22], [27, 23, 33, 29, 26], [4, 10, 0, 5, 6, 16], [31, 25, 24], [3, 12], [1, 21], [2, 9]]
15|Q:0.1914036817882972|Result:[[7], [11], [13], [17], [19], [32], [28], [14], [15], [18], [20], [22], [27, 23, 33, 29, 26], [4, 10, 0, 5, 6, 16], [31, 25, 24], [3, 12], [1, 21], [2, 9], [8, 30]]
16|Q:0.20816896778435245|Result:[[7], [11], [13], [17], [19], [28], [14], [15], [18], [20], [22], [27, 23, 33, 29, 26], [4, 10, 0, 5, 6, 16], [31, 25, 24], [3, 12], [1, 21], [2, 9], [32, 8, 30]]
17|Q:0.21918145956607496|Result:[[7], [11], [13], [19], [28], [14], [15], [18], [20], [22], [27, 23, 33, 29, 26], [4, 10, 0, 5, 6, 16], [31, 25, 24], [3, 12], [2, 9], [32, 8, 30], [17, 1, 21]]
18|Q:0.22937212360289289|Result:[[11], [13], [19], [28], [14], [15], [18], [20], [22], [27, 23, 33, 29, 26], [4, 10, 0, 5, 6, 16], [31, 25, 24], [2, 9], [32, 8, 30], [17, 1, 21], [7, 3, 12]]
19|Q:0.2431788297172912|Result:[[11], [13], [19], [28], [14], [15], [18], [20], [22], [27, 23, 33, 29, 26], [4, 10, 0, 5, 6, 16], [31, 25, 24], [32, 8, 30], [17, 1, 21], [2, 9, 7, 3, 12]]
20|Q:0.25895792241946086|Result:[[11], [19], [28], [14], [15], [18], [20], [22], [27, 23, 33, 29, 26], [4, 10, 0, 5, 6, 16], [31, 25, 24], [32, 8, 30], [17, 1, 21], [13, 2, 9, 7, 3, 12]]
21|Q:0.2792570677186061|Result:[[11], [19], [28], [14], [15], [18], [20], [22], [27, 23, 33, 29, 26], [4, 10, 0, 5, 6, 16], [31, 25, 24], [32, 8, 30], [17, 1, 21, 13, 2, 9, 7, 3, 12]]
22|Q:0.28944773175542404|Result:[[19], [28], [14], [15], [18], [20], [22], [27, 23, 33, 29, 26], [31, 25, 24], [32, 8, 30], [17, 1, 21, 13, 2, 9, 7, 3, 12], [11, 4, 10, 0, 5, 6, 16]]
23|Q:0.29930966469428|Result:[[19], [14], [15], [18], [20], [22], [27, 23, 33, 29, 26], [32, 8, 30], [17, 1, 21, 13, 2, 9, 7, 3, 12], [11, 4, 10, 0, 5, 6, 16], [28, 31, 25, 24]]
24|Q:0.3111439842209073|Result:[[19], [14], [15], [18], [20], [22], [32, 8, 30], [17, 1, 21, 13, 2, 9, 7, 3, 12], [11, 4, 10, 0, 5, 6, 16], [27, 23, 33, 29, 26, 28, 31, 25, 24]]
25|Q:0.3205128205128206|Result:[[19], [14], [15], [18], [20], [17, 1, 21, 13, 2, 9, 7, 3, 12], [11, 4, 10, 0, 5, 6, 16], [27, 23, 33, 29, 26, 28, 31, 25, 24], [22, 32, 8, 30]]
26|Q:0.32955292570677186|Result:[[19], [14], [15], [18], [17, 1, 21, 13, 2, 9, 7, 3, 12], [11, 4, 10, 0, 5, 6, 16], [27, 23, 33, 29, 26, 28, 31, 25, 24], [20, 22, 32, 8, 30]]
27|Q:0.3382642998027613|Result:[[19], [14], [15], [17, 1, 21, 13, 2, 9, 7, 3, 12], [11, 4, 10, 0, 5, 6, 16], [27, 23, 33, 29, 26, 28, 31, 25, 24], [18, 20, 22, 32, 8, 30]]
28|Q:0.34935897435897434|Result:[[19], [14], [15], [17, 1, 21, 13, 2, 9, 7, 3, 12], [11, 4, 10, 0, 5, 6, 16], [27, 23, 33, 29, 26, 28, 31, 25, 24, 18, 20, 22, 32, 8, 30]]
29|Q:0.3628369493754109|Result:[[19], [14], [17, 1, 21, 13, 2, 9, 7, 3, 12], [11, 4, 10, 0, 5, 6, 16], [15, 27, 23, 33, 29, 26, 28, 31, 25, 24, 18, 20, 22, 32, 8, 30]]
30|Q:0.3759861932938856|Result:[[19], [17, 1, 21, 13, 2, 9, 7, 3, 12], [11, 4, 10, 0, 5, 6, 16], [14, 15, 27, 23, 33, 29, 26, 28, 31, 25, 24, 18, 20, 22, 32, 8, 30]]
31|Q:0.3806706114398422|Result:[[17, 1, 21, 13, 2, 9, 7, 3, 12], [14, 15, 27, 23, 33, 29, 26, 28, 31, 25, 24, 18, 20, 22, 32, 8, 30], [19, 11, 4, 10, 0, 5, 6, 16]]
32|Q:0.3717948717948718|Result:[[14, 15, 27, 23, 33, 29, 26, 28, 31, 25, 24, 18, 20, 22, 32, 8, 30], [17, 1, 21, 13, 2, 9, 7, 3, 12, 19, 11, 4, 10, 0, 5, 6, 16]]
33|Q:0.0|Result:[[14, 15, 27, 23, 33, 29, 26, 28, 31, 25, 24, 18, 20, 22, 32, 8, 30, 17, 1, 21, 13, 2, 9, 7, 3, 12, 19, 11, 4, 10, 0, 5, 6, 16]]
