1|Q:-0.01516949487757605|Result:[[0], [40], [10], [14], [47], [15], [42], [1], [36], [41], [17], [19], [54], [26], [27], [28], [2], [44], [61], [3], [8], [59], [4], [51], [5], [56], [9], [13], [57], [6], [7], [30], [37], [45], [20], [29], [11], [12], [33], [34], [38], [43], [16], [50], [52], [24], [18], [55], [22], [25], [31], [21], [23], [35], [49], [39], [58], [46], [53], [48], [32, 60]]
2|Q:-0.00895929749614335|Result:[[0], [40], [10], [14], [47], [15], [42], [1], [36], [41], [17], [19], [54], [26], [27], [28], [2], [44], [61], [3], [8], [59], [4], [51], [5], [56], [9], [13], [57], [6], [7], [30], [37], [45], [20], [29], [11], [12], [33], [34], [38], [43], [16], [50], [52], [24], [18], [55], [22], [25], [31], [21], [23], [35], [39], [58], [53], [48], [32, 60], [49, 46]]
3|Q:-0.0027886555120446126|Result:[[0], [40], [10], [14], [47], [15], [42], [1], [36], [41], [17], [19], [54], [26], [27], [28], [2], [44], [3], [8], [59], [4], [51], [5], [56], [9], [13], [57], [6], [7], [30], [37], [45], [20], [29], [11], [12], [33], [34], [38], [43], [16], [50], [52], [24], [18], [55], [22], [25], [31], [21], [23], [35], [39], [58], [48], [32, 60], [49, 46], [61, 53]]
4|Q:0.00334243107472015|Result:[[0], [40], [10], [14], [47], [15], [42], [1], [36], [41], [17], [19], [54], [26], [27], [28], [2], [44], [3], [8], [59], [4], [51], [5], [56], [9], [13], [57], [6], [7], [30], [37], [45], [20], [29], [11], [12], [33], [34], [43], [16], [50], [52], [24], [18], [55], [22], [25], [31], [21], [23], [35], [39], [48], [32, 60], [49, 46], [61, 53], [38, 58]]
5|Q:0.00947351766148491|Result:[[0], [40], [10], [14], [47], [15], [42], [1], [36], [41], [17], [19], [54], [26], [27], [28], [2], [44], [3], [8], [59], [4], [51], [9], [13], [57], [6], [7], [30], [37], [45], [20], [29], [11], [12], [33], [34], [43], [16], [50], [52], [24], [18], [55], [22], [25], [31], [21], [23], [35], [39], [48], [32, 60], [49, 46], [61, 53], [38, 58], [5, 56]]
6|Q:0.015584826549582691|Result:[[0], [40], [10], [14], [47], [15], [42], [1], [36], [41], [17], [19], [54], [27], [28], [2], [44], [3], [8], [59], [4], [51], [9], [13], [57], [6], [7], [30], [37], [45], [20], [29], [11], [12], [33], [34], [43], [16], [50], [52], [24], [18], [55], [22], [31], [21], [23], [35], [39], [48], [32, 60], [49, 46], [61, 53], [38, 58], [5, 56], [26, 25]]
7|Q:0.027570111941774455|Result:[[0], [40], [10], [14], [47], [15], [42], [1], [36], [41], [17], [19], [54], [28], [2], [44], [3], [8], [59], [4], [51], [9], [13], [57], [6], [7], [30], [37], [45], [20], [29], [11], [12], [33], [34], [43], [16], [50], [52], [24], [18], [55], [22], [31], [21], [23], [35], [39], [48], [32, 60], [49, 46], [61, 53], [38, 58], [5, 56], [27, 26, 25]]
8|Q:0.03840829081128119|Result:[[0], [40], [10], [14], [47], [15], [42], [36], [41], [17], [19], [54], [28], [2], [44], [3], [8], [59], [4], [51], [9], [13], [57], [6], [7], [30], [37], [45], [20], [29], [11], [12], [33], [34], [43], [16], [50], [52], [24], [18], [55], [22], [31], [21], [23], [35], [39], [48], [32, 60], [49, 46], [61, 53], [38, 58], [5, 56], [1, 27, 26, 25]]
9|Q:0.05389422886752898|Result:[[0], [40], [10], [14], [47], [15], [42], [36], [41], [19], [54], [28], [2], [44], [3], [8], [59], [4], [51], [9], [13], [57], [6], [7], [30], [37], [45], [20], [29], [11], [12], [33], [34], [43], [16], [50], [52], [24], [18], [55], [22], [31], [21], [23], [35], [39], [48], [32, 60], [49, 46], [61, 53], [38, 58], [5, 56], [17, 1, 27, 26, 25]]
10|Q:0.06000553775562676|Result:[[0], [40], [10], [14], [47], [15], [42], [36], [41], [19], [54], [28], [2], [44], [3], [8], [59], [4], [51], [9], [13], [6], [7], [30], [37], [45], [20], [29], [11], [12], [33], [34], [43], [16], [50], [52], [24], [18], [55], [22], [31], [21], [23], [35], [39], [32, 60], [49, 46], [61, 53], [38, 58], [5, 56], [17, 1, 27, 26, 25], [57, 48]]
11|Q:0.06611684664372453|Result:[[0], [40], [10], [14], [47], [15], [42], [36], [41], [19], [54], [28], [2], [44], [3], [8], [59], [4], [51], [9], [13], [6], [7], [30], [37], [45], [20], [11], [12], [33], [34], [43], [16], [50], [52], [24], [18], [55], [22], [31], [21], [23], [39], [32, 60], [49, 46], [61, 53], [38, 58], [5, 56], [17, 1, 27, 26, 25], [57, 48], [29, 35]]
12|Q:0.07220837783315533|Result:[[0], [40], [10], [14], [47], [15], [42], [36], [41], [19], [54], [28], [2], [44], [3], [8], [59], [4], [51], [9], [13], [6], [7], [30], [37], [45], [20], [11], [34], [43], [16], [50], [52], [24], [18], [55], [22], [31], [21], [23], [39], [32, 60], [49, 46], [61, 53], [38, 58], [5, 56], [17, 1, 27, 26, 25], [57, 48], [29, 35], [12, 33]]
13|Q:0.07829990902258613|Result:[[0], [40], [10], [14], [47], [15], [42], [36], [41], [19], [54], [28], [2], [44], [3], [8], [59], [4], [9], [13], [6], [7], [30], [37], [45], [20], [34], [43], [16], [50], [52], [24], [18], [55], [22], [31], [21], [23], [39], [32, 60], [49, 46], [61, 53], [38, 58], [5, 56], [17, 1, 27, 26, 25], [57, 48], [29, 35], [12, 33], [51, 11]]
14|Q:0.08437166251334995|Result:[[0], [40], [10], [14], [47], [15], [42], [36], [41], [19], [54], [28], [2], [44], [3], [8], [59], [9], [13], [6], [7], [30], [37], [45], [20], [34], [43], [16], [50], [52], [24], [18], [55], [22], [31], [21], [23], [39], [32, 60], [49, 46], [61, 53], [38, 58], [5, 56], [17, 1, 27, 26, 25], [57, 48], [29, 35], [12, 33], [4, 51, 11]]
15|Q:0.09038408290811281|Result:[[0], [40], [10], [14], [47], [15], [42], [41], [19], [54], [28], [2], [44], [3], [8], [59], [9], [13], [6], [7], [30], [37], [45], [20], [34], [43], [16], [50], [52], [24], [18], [55], [22], [31], [21], [23], [32, 60], [49, 46], [61, 53], [38, 58], [5, 56], [17, 1, 27, 26, 25], [57, 48], [29, 35], [12, 33], [4, 51, 11], [36, 39]]
16|Q:0.09639650330287566|Result:[[0], [40], [10], [14], [47], [42], [41], [19], [54], [28], [2], [44], [3], [8], [59], [9], [13], [6], [7], [30], [37], [45], [20], [34], [43], [16], [50], [52], [24], [18], [22], [31], [21], [23], [32, 60], [49, 46], [61, 53], [38, 58], [5, 56], [17, 1, 27, 26, 25], [57, 48], [29, 35], [12, 33], [4, 51, 11], [36, 39], [15, 55]]
17|Q:0.10238914599897155|Result:[[0], [40], [10], [14], [47], [42], [41], [19], [54], [28], [2], [44], [8], [9], [13], [6], [7], [30], [37], [45], [20], [34], [43], [16], [50], [52], [24], [18], [22], [31], [21], [23], [32, 60], [49, 46], [61, 53], [38, 58], [5, 56], [17, 1, 27, 26, 25], [57, 48], [29, 35], [12, 33], [4, 51, 11], [36, 39], [15, 55], [3, 59]]
18|Q:0.11401843281515761|Result:[[0], [40], [10], [14], [47], [42], [41], [19], [54], [28], [2], [44], [9], [13], [6], [7], [30], [37], [45], [20], [34], [43], [16], [50], [52], [24], [18], [22], [31], [21], [23], [32, 60], [49, 46], [61, 53], [38, 58], [5, 56], [17, 1, 27, 26, 25], [57, 48], [29, 35], [12, 33], [4, 51, 11], [36, 39], [15, 55], [8, 3, 59]]
19|Q:0.12355128357264347|Result:[[0], [40], [10], [14], [47], [42], [41], [19], [54], [28], [2], [44], [9], [13], [6], [7], [30], [37], [20], [34], [43], [16], [50], [52], [24], [18], [22], [31], [21], [23], [32, 60], [49, 46], [61, 53], [38, 58], [5, 56], [17, 1, 27, 26, 25], [57, 48], [29, 35], [12, 33], [4, 51, 11], [36, 39], [15, 55], [45, 8, 3, 59]]
20|Q:0.13167991772477355|Result:[[0], [40], [10], [14], [47], [42], [41], [19], [54], [28], [2], [44], [9], [13], [6], [7], [30], [37], [20], [34], [43], [16], [50], [52], [24], [18], [22], [31], [21], [23], [32, 60], [49, 46], [61, 53], [38, 58], [5, 56], [17, 1, 27, 26, 25], [57, 48], [29, 35], [12, 33], [4, 51, 11], [36, 39], [15, 55, 45, 8, 3, 59]]
21|Q:0.14022388354891024|Result:[[0], [40], [10], [14], [47], [42], [41], [19], [54], [28], [2], [44], [9], [13], [6], [7], [30], [37], [20], [34], [43], [16], [50], [52], [18], [22], [31], [21], [23], [32, 60], [49, 46], [61, 53], [38, 58], [5, 56], [17, 1, 27, 26, 25], [57, 48], [29, 35], [12, 33], [4, 51, 11], [36, 39], [24, 15, 55, 45, 8, 3, 59]]
22|Q:0.15355405245045686|Result:[[0], [40], [10], [14], [47], [42], [41], [19], [54], [28], [2], [44], [9], [13], [6], [7], [30], [37], [20], [34], [43], [16], [50], [52], [22], [31], [21], [23], [32, 60], [49, 46], [61, 53], [38, 58], [5, 56], [17, 1, 27, 26, 25], [57, 48], [29, 35], [12, 33], [4, 51, 11], [36, 39], [18, 24, 15, 55, 45, 8, 3, 59]]
23|Q:0.1675566631066809|Result:[[0], [40], [10], [14], [47], [42], [41], [19], [54], [28], [2], [44], [9], [13], [6], [7], [30], [37], [20], [34], [43], [16], [50], [52], [22], [31], [21], [23], [32, 60], [49, 46], [61, 53], [38, 58], [5, 56], [17, 1, 27, 26, 25], [57, 48], [29, 35], [12, 33], [36, 39], [4, 51, 11, 18, 24, 15, 55, 45, 8, 3, 59]]
24|Q:0.18104505359756337|Result:[[0], [40], [10], [14], [47], [42], [41], [19], [54], [28], [2], [44], [9], [13], [6], [7], [30], [37], [20], [34], [43], [16], [50], [52], [22], [31], [21], [23], [32, 60], [49, 46], [61, 53], [38, 58], [5, 56], [17, 1, 27, 26, 25], [57, 48], [12, 33], [36, 39], [29, 35, 4, 51, 11, 18, 24, 15, 55, 45, 8, 3, 59]]
25|Q:0.19801431905383488|Result:[[0], [40], [10], [14], [47], [42], [41], [19], [54], [28], [2], [44], [9], [13], [6], [7], [30], [37], [20], [34], [43], [16], [50], [52], [22], [31], [23], [32, 60], [49, 46], [61, 53], [38, 58], [5, 56], [17, 1, 27, 26, 25], [57, 48], [12, 33], [36, 39], [21, 29, 35, 4, 51, 11, 18, 24, 15, 55, 45, 8, 3, 59]]
26|Q:0.20614295320596498|Result:[[0], [40], [10], [14], [47], [42], [41], [19], [54], [28], [2], [44], [9], [13], [6], [7], [30], [37], [20], [34], [43], [16], [50], [52], [22], [31], [32, 60], [49, 46], [61, 53], [38, 58], [5, 56], [17, 1, 27, 26, 25], [57, 48], [12, 33], [36, 39], [23, 21, 29, 35, 4, 51, 11, 18, 24, 15, 55, 45, 8, 3, 59]]
27|Q:0.2121158182033939|Result:[[0], [40], [10], [14], [47], [42], [41], [19], [54], [28], [9], [13], [6], [7], [30], [37], [20], [34], [43], [16], [50], [52], [22], [31], [32, 60], [49, 46], [61, 53], [38, 58], [5, 56], [17, 1, 27, 26, 25], [57, 48], [12, 33], [36, 39], [23, 21, 29, 35, 4, 51, 11, 18, 24, 15, 55, 45, 8, 3, 59], [2, 44]]
28|Q:0.21800957240615487|Result:[[0], [40], [10], [14], [47], [42], [41], [19], [54], [28], [9], [13], [6], [7], [30], [37], [20], [43], [16], [50], [52], [22], [31], [32, 60], [61, 53], [38, 58], [5, 56], [17, 1, 27, 26, 25], [57, 48], [12, 33], [36, 39], [23, 21, 29, 35, 4, 51, 11, 18, 24, 15, 55, 45, 8, 3, 59], [2, 44], [34, 49, 46]]
29|Q:0.22390332660891585|Result:[[0], [40], [10], [14], [47], [42], [41], [54], [28], [9], [13], [6], [7], [37], [20], [43], [16], [50], [52], [22], [31], [32, 60], [61, 53], [38, 58], [5, 56], [17, 1, 27, 26, 25], [57, 48], [12, 33], [36, 39], [23, 21, 29, 35, 4, 51, 11, 18, 24, 15, 55, 45, 8, 3, 59], [2, 44], [34, 49, 46], [19, 30]]
30|Q:0.23559194652110285|Result:[[0], [40], [10], [14], [47], [42], [41], [54], [28], [9], [13], [6], [37], [20], [43], [16], [50], [52], [22], [31], [32, 60], [61, 53], [38, 58], [5, 56], [17, 1, 27, 26, 25], [57, 48], [12, 33], [36, 39], [23, 21, 29, 35, 4, 51, 11, 18, 24, 15, 55, 45, 8, 3, 59], [2, 44], [34, 49, 46], [7, 19, 30]]
31|Q:0.24623234840393976|Result:[[0], [40], [10], [14], [47], [42], [41], [28], [9], [13], [6], [37], [20], [43], [16], [50], [52], [22], [31], [32, 60], [61, 53], [38, 58], [5, 56], [17, 1, 27, 26, 25], [57, 48], [12, 33], [36, 39], [23, 21, 29, 35, 4, 51, 11, 18, 24, 15, 55, 45, 8, 3, 59], [2, 44], [34, 49, 46], [54, 7, 19, 30]]
32|Q:0.25347098611605556|Result:[[0], [40], [10], [14], [47], [42], [41], [28], [9], [13], [6], [37], [20], [43], [16], [50], [52], [22], [31], [32, 60], [61, 53], [38, 58], [5, 56], [57, 48], [12, 33], [36, 39], [23, 21, 29, 35, 4, 51, 11, 18, 24, 15, 55, 45, 8, 3, 59], [2, 44], [34, 49, 46], [17, 1, 27, 26, 25, 54, 7, 19, 30]]
33|Q:0.26120406629484594|Result:[[0], [40], [10], [14], [47], [42], [41], [9], [13], [6], [37], [20], [43], [16], [50], [52], [22], [31], [32, 60], [61, 53], [38, 58], [5, 56], [57, 48], [12, 33], [36, 39], [23, 21, 29, 35, 4, 51, 11, 18, 24, 15, 55, 45, 8, 3, 59], [2, 44], [34, 49, 46], [28, 17, 1, 27, 26, 25, 54, 7, 19, 30]]
34|Q:0.2684427040069618|Result:[[0], [40], [10], [14], [47], [42], [9], [13], [6], [37], [20], [43], [16], [50], [52], [22], [31], [32, 60], [61, 53], [38, 58], [5, 56], [57, 48], [12, 33], [36, 39], [23, 21, 29, 35, 4, 51, 11, 18, 24, 15, 55, 45, 8, 3, 59], [2, 44], [34, 49, 46], [41, 28, 17, 1, 27, 26, 25, 54, 7, 19, 30]]
35|Q:0.27797555476444763|Result:[[0], [40], [10], [14], [47], [42], [9], [6], [37], [20], [43], [16], [50], [52], [22], [31], [32, 60], [61, 53], [38, 58], [5, 56], [57, 48], [12, 33], [36, 39], [23, 21, 29, 35, 4, 51, 11, 18, 24, 15, 55, 45, 8, 3, 59], [2, 44], [34, 49, 46], [13, 41, 28, 17, 1, 27, 26, 25, 54, 7, 19, 30]]
36|Q:0.28988172936197143|Result:[[0], [40], [10], [14], [47], [42], [9], [6], [37], [20], [43], [16], [50], [52], [22], [31], [32, 60], [61, 53], [38, 58], [5, 56], [12, 33], [36, 39], [23, 21, 29, 35, 4, 51, 11, 18, 24, 15, 55, 45, 8, 3, 59], [2, 44], [34, 49, 46], [57, 48, 13, 41, 28, 17, 1, 27, 26, 25, 54, 7, 19, 30]]
37|Q:0.3059016652822278|Result:[[0], [40], [10], [14], [47], [42], [9], [37], [20], [43], [16], [50], [52], [22], [31], [32, 60], [61, 53], [38, 58], [5, 56], [12, 33], [36, 39], [23, 21, 29, 35, 4, 51, 11, 18, 24, 15, 55, 45, 8, 3, 59], [2, 44], [34, 49, 46], [6, 57, 48, 13, 41, 28, 17, 1, 27, 26, 25, 54, 7, 19, 30]]
38|Q:0.3258573632372137|Result:[[0], [40], [10], [14], [47], [42], [37], [20], [43], [16], [50], [52], [22], [31], [32, 60], [61, 53], [38, 58], [5, 56], [12, 33], [36, 39], [23, 21, 29, 35, 4, 51, 11, 18, 24, 15, 55, 45, 8, 3, 59], [2, 44], [34, 49, 46], [9, 6, 57, 48, 13, 41, 28, 17, 1, 27, 26, 25, 54, 7, 19, 30]]
39|Q:0.34033463866144537|Result:[[0], [40], [10], [14], [47], [42], [37], [20], [43], [16], [50], [52], [22], [31], [32, 60], [61, 53], [38, 58], [12, 33], [36, 39], [23, 21, 29, 35, 4, 51, 11, 18, 24, 15, 55, 45, 8, 3, 59], [2, 44], [34, 49, 46], [5, 56, 9, 6, 57, 48, 13, 41, 28, 17, 1, 27, 26, 25, 54, 7, 19, 30]]
40|Q:0.3460306158775365|Result:[[0], [40], [14], [47], [37], [20], [43], [16], [50], [52], [22], [31], [32, 60], [61, 53], [38, 58], [12, 33], [36, 39], [23, 21, 29, 35, 4, 51, 11, 18, 24, 15, 55, 45, 8, 3, 59], [2, 44], [34, 49, 46], [5, 56, 9, 6, 57, 48, 13, 41, 28, 17, 1, 27, 26, 25, 54, 7, 19, 30], [10, 42]]
41|Q:0.35730390411771684|Result:[[0], [40], [14], [37], [20], [43], [16], [50], [52], [22], [31], [32, 60], [61, 53], [38, 58], [12, 33], [36, 39], [23, 21, 29, 35, 4, 51, 11, 18, 24, 15, 55, 45, 8, 3, 59], [2, 44], [34, 49, 46], [5, 56, 9, 6, 57, 48, 13, 41, 28, 17, 1, 27, 26, 25, 54, 7, 19, 30], [47, 10, 42]]
42|Q:0.3741545033819865|Result:[[40], [14], [37], [20], [43], [16], [50], [52], [22], [31], [32, 60], [61, 53], [38, 58], [12, 33], [36, 39], [23, 21, 29, 35, 4, 51, 11, 18, 24, 15, 55, 45, 8, 3, 59], [2, 44], [34, 49, 46], [5, 56, 9, 6, 57, 48, 13, 41, 28, 17, 1, 27, 26, 25, 54, 7, 19, 30], [0, 47, 10, 42]]
43|Q:0.38309402317946284|Result:[[40], [14], [37], [20], [43], [16], [50], [52], [22], [31], [32, 60], [61, 53], [38, 58], [12, 33], [36, 39], [23, 21, 29, 35, 4, 51, 11, 18, 24, 15, 55, 45, 8, 3, 59], [34, 49, 46], [5, 56, 9, 6, 57, 48, 13, 41, 28, 17, 1, 27, 26, 25, 54, 7, 19, 30], [2, 44, 0, 47, 10, 42]]
44|Q:0.3901546616035758|Result:[[40], [14], [37], [43], [16], [50], [52], [22], [31], [32, 60], [61, 53], [38, 58], [12, 33], [36, 39], [23, 21, 29, 35, 4, 51, 11, 18, 24, 15, 55, 45, 8, 3, 59], [34, 49, 46], [5, 56, 9, 6, 57, 48, 13, 41, 28, 17, 1, 27, 26, 25, 54, 7, 19, 30], [20, 2, 44, 0, 47, 10, 42]]
45|Q:0.3971955223290218|Result:[[40], [14], [37], [43], [16], [52], [22], [31], [32, 60], [61, 53], [38, 58], [12, 33], [36, 39], [23, 21, 29, 35, 4, 51, 11, 18, 24, 15, 55, 45, 8, 3, 59], [34, 49, 46], [5, 56, 9, 6, 57, 48, 13, 41, 28, 17, 1, 27, 26, 25, 54, 7, 19, 30], [50, 20, 2, 44, 0, 47, 10, 42]]
46|Q:0.40419682765713383|Result:[[40], [14], [37], [43], [52], [22], [31], [32, 60], [61, 53], [38, 58], [12, 33], [36, 39], [23, 21, 29, 35, 4, 51, 11, 18, 24, 15, 55, 45, 8, 3, 59], [34, 49, 46], [5, 56, 9, 6, 57, 48, 13, 41, 28, 17, 1, 27, 26, 25, 54, 7, 19, 30], [16, 50, 20, 2, 44, 0, 47, 10, 42]]
47|Q:0.41363078992128477|Result:[[40], [14], [37], [43], [52], [22], [31], [32, 60], [61, 53], [12, 33], [36, 39], [23, 21, 29, 35, 4, 51, 11, 18, 24, 15, 55, 45, 8, 3, 59], [34, 49, 46], [5, 56, 9, 6, 57, 48, 13, 41, 28, 17, 1, 27, 26, 25, 54, 7, 19, 30], [38, 58, 16, 50, 20, 2, 44, 0, 47, 10, 42]]
48|Q:0.4240734148174518|Result:[[40], [37], [43], [52], [22], [31], [32, 60], [61, 53], [12, 33], [36, 39], [23, 21, 29, 35, 4, 51, 11, 18, 24, 15, 55, 45, 8, 3, 59], [34, 49, 46], [5, 56, 9, 6, 57, 48, 13, 41, 28, 17, 1, 27, 26, 25, 54, 7, 19, 30], [14, 38, 58, 16, 50, 20, 2, 44, 0, 47, 10, 42]]
49|Q:0.4331316008069301|Result:[[40], [37], [43], [52], [22], [31], [32, 60], [61, 53], [36, 39], [23, 21, 29, 35, 4, 51, 11, 18, 24, 15, 55, 45, 8, 3, 59], [34, 49, 46], [5, 56, 9, 6, 57, 48, 13, 41, 28, 17, 1, 27, 26, 25, 54, 7, 19, 30], [12, 33, 14, 38, 58, 16, 50, 20, 2, 44, 0, 47, 10, 42]]
50|Q:0.44023179462837714|Result:[[40], [37], [52], [22], [31], [32, 60], [61, 53], [36, 39], [23, 21, 29, 35, 4, 51, 11, 18, 24, 15, 55, 45, 8, 3, 59], [34, 49, 46], [5, 56, 9, 6, 57, 48, 13, 41, 28, 17, 1, 27, 26, 25, 54, 7, 19, 30], [43, 12, 33, 14, 38, 58, 16, 50, 20, 2, 44, 0, 47, 10, 42]]
51|Q:0.44901309283651764|Result:[[40], [37], [52], [22], [31], [32, 60], [61, 53], [36, 39], [23, 21, 29, 35, 4, 51, 11, 18, 24, 15, 55, 45, 8, 3, 59], [5, 56, 9, 6, 57, 48, 13, 41, 28, 17, 1, 27, 26, 25, 54, 7, 19, 30], [34, 49, 46, 43, 12, 33, 14, 38, 58, 16, 50, 20, 2, 44, 0, 47, 10, 42]]
52|Q:0.45848661049800254|Result:[[40], [52], [22], [31], [32, 60], [61, 53], [36, 39], [23, 21, 29, 35, 4, 51, 11, 18, 24, 15, 55, 45, 8, 3, 59], [5, 56, 9, 6, 57, 48, 13, 41, 28, 17, 1, 27, 26, 25, 54, 7, 19, 30], [37, 34, 49, 46, 43, 12, 33, 14, 38, 58, 16, 50, 20, 2, 44, 0, 47, 10, 42]]
53|Q:0.46627902377279384|Result:[[40], [52], [22], [31], [32, 60], [36, 39], [23, 21, 29, 35, 4, 51, 11, 18, 24, 15, 55, 45, 8, 3, 59], [5, 56, 9, 6, 57, 48, 13, 41, 28, 17, 1, 27, 26, 25, 54, 7, 19, 30], [61, 53, 37, 34, 49, 46, 43, 12, 33, 14, 38, 58, 16, 50, 20, 2, 44, 0, 47, 10, 42]]
54|Q:0.4729243305249001|Result:[[52], [22], [31], [32, 60], [36, 39], [23, 21, 29, 35, 4, 51, 11, 18, 24, 15, 55, 45, 8, 3, 59], [5, 56, 9, 6, 57, 48, 13, 41, 28, 17, 1, 27, 26, 25, 54, 7, 19, 30], [40, 61, 53, 37, 34, 49, 46, 43, 12, 33, 14, 38, 58, 16, 50, 20, 2, 44, 0, 47, 10, 42]]
55|Q:0.48190340571971046|Result:[[22], [31], [32, 60], [36, 39], [23, 21, 29, 35, 4, 51, 11, 18, 24, 15, 55, 45, 8, 3, 59], [5, 56, 9, 6, 57, 48, 13, 41, 28, 17, 1, 27, 26, 25, 54, 7, 19, 30], [52, 40, 61, 53, 37, 34, 49, 46, 43, 12, 33, 14, 38, 58, 16, 50, 20, 2, 44, 0, 47, 10, 42]]
56|Q:0.4868873857837902|Result:[[22], [31], [36, 39], [23, 21, 29, 35, 4, 51, 11, 18, 24, 15, 55, 45, 8, 3, 59], [52, 40, 61, 53, 37, 34, 49, 46, 43, 12, 33, 14, 38, 58, 16, 50, 20, 2, 44, 0, 47, 10, 42], [32, 60, 5, 56, 9, 6, 57, 48, 13, 41, 28, 17, 1, 27, 26, 25, 54, 7, 19, 30]]
57|Q:0.49119892409319255|Result:[[22], [36, 39], [23, 21, 29, 35, 4, 51, 11, 18, 24, 15, 55, 45, 8, 3, 59], [52, 40, 61, 53, 37, 34, 49, 46, 43, 12, 33, 14, 38, 58, 16, 50, 20, 2, 44, 0, 47, 10, 42], [31, 32, 60, 5, 56, 9, 6, 57, 48, 13, 41, 28, 17, 1, 27, 26, 25, 54, 7, 19, 30]]
58|Q:0.4954906847039279|Result:[[36, 39], [23, 21, 29, 35, 4, 51, 11, 18, 24, 15, 55, 45, 8, 3, 59], [52, 40, 61, 53, 37, 34, 49, 46, 43, 12, 33, 14, 38, 58, 16, 50, 20, 2, 44, 0, 47, 10, 42], [22, 31, 32, 60, 5, 56, 9, 6, 57, 48, 13, 41, 28, 17, 1, 27, 26, 25, 54, 7, 19, 30]]
59|Q:0.494185356591907|Result:[[52, 40, 61, 53, 37, 34, 49, 46, 43, 12, 33, 14, 38, 58, 16, 50, 20, 2, 44, 0, 47, 10, 42], [22, 31, 32, 60, 5, 56, 9, 6, 57, 48, 13, 41, 28, 17, 1, 27, 26, 25, 54, 7, 19, 30], [36, 39, 23, 21, 29, 35, 4, 51, 11, 18, 24, 15, 55, 45, 8, 3, 59]]
60|Q:0.3854277916221669|Result:[[22, 31, 32, 60, 5, 56, 9, 6, 57, 48, 13, 41, 28, 17, 1, 27, 26, 25, 54, 7, 19, 30], [52, 40, 61, 53, 37, 34, 49, 46, 43, 12, 33, 14, 38, 58, 16, 50, 20, 2, 44, 0, 47, 10, 42, 36, 39, 23, 21, 29, 35, 4, 51, 11, 18, 24, 15, 55, 45, 8, 3, 59]]
61|Q:0.0|Result:[[22, 31, 32, 60, 5, 56, 9, 6, 57, 48, 13, 41, 28, 17, 1, 27, 26, 25, 54, 7, 19, 30, 52, 40, 61, 53, 37, 34, 49, 46, 43, 12, 33, 14, 38, 58, 16, 50, 20, 2, 44, 0, 47, 10, 42, 36, 39, 23, 21, 29, 35, 4, 51, 11, 18, 24, 15, 55, 45, 8, 3, 59]]
