1|Q:-0.019809039618079262|Result:[[1], [19], [45], [2], [16], [17], [29], [5], [7], [63], [60], [62], [77], [3], [54], [4], [10], [33], [36], [73], [66], [21], [23], [6], [32], [49], [53], [38], [26], [30], [8], [18], [9], [35], [52], [11], [31], [47], [12], [37], [13], [34], [69], [41], [43], [76], [15], [51], [27], [61], [14], [68], [28], [74], [64], [70], [20], [22], [40], [71], [46], [55], [56], [67], [24], [25], [50], [57], [42], [59], [72], [39], [48], [65], [58], [44, 75]]
2|Q:-0.015903031806063637|Result:[[1], [19], [45], [2], [16], [17], [29], [5], [7], [63], [60], [62], [77], [3], [54], [4], [33], [36], [73], [66], [21], [23], [6], [32], [49], [53], [38], [26], [30], [8], [18], [9], [35], [52], [11], [31], [12], [37], [13], [34], [69], [41], [43], [76], [15], [51], [27], [61], [14], [68], [28], [74], [64], [70], [20], [22], [40], [71], [46], [55], [56], [67], [24], [25], [50], [57], [42], [59], [72], [39], [48], [65], [58], [44, 75], [10, 47]]
3|Q:-0.011997023994048013|Result:[[45], [2], [16], [17], [29], [5], [7], [63], [60], [62], [77], [3], [54], [4], [33], [36], [73], [66], [21], [23], [6], [32], [49], [53], [38], [26], [30], [8], [18], [9], [35], [52], [11], [31], [12], [37], [13], [34], [69], [41], [43], [76], [15], [51], [27], [61], [14], [68], [28], [74], [64], [70], [20], [22], [40], [71], [46], [55], [56], [67], [24], [25], [50], [57], [42], [59], [72], [39], [48], [65], [58], [44, 75], [10, 47], [1, 19]]
4|Q:-0.0048050096100192355|Result:[[2], [16], [17], [29], [5], [7], [63], [60], [62], [77], [3], [54], [4], [33], [36], [73], [66], [21], [23], [6], [32], [49], [53], [38], [26], [30], [8], [18], [9], [35], [52], [11], [31], [12], [37], [13], [34], [69], [41], [43], [76], [15], [51], [27], [61], [14], [68], [28], [74], [64], [70], [20], [22], [40], [71], [46], [55], [56], [67], [24], [25], [50], [57], [42], [59], [72], [39], [48], [65], [58], [44, 75], [10, 47], [45, 1, 19]]
5|Q:-0.0009145018290036729|Result:[[2], [16], [17], [29], [5], [7], [63], [60], [62], [77], [3], [54], [4], [33], [36], [73], [66], [21], [23], [6], [32], [49], [53], [38], [26], [30], [8], [18], [9], [35], [52], [11], [31], [12], [37], [13], [34], [69], [41], [43], [76], [15], [51], [27], [61], [14], [68], [28], [64], [70], [20], [22], [40], [71], [46], [55], [56], [67], [24], [25], [50], [57], [42], [59], [72], [39], [65], [58], [44, 75], [10, 47], [45, 1, 19], [74, 48]]
6|Q:0.0029682559365118606|Result:[[2], [16], [17], [29], [5], [7], [63], [60], [62], [77], [3], [54], [4], [33], [36], [73], [66], [21], [23], [6], [32], [49], [53], [38], [26], [30], [8], [18], [9], [35], [52], [11], [31], [12], [37], [13], [34], [69], [41], [43], [76], [15], [51], [27], [61], [14], [68], [28], [64], [70], [20], [22], [40], [71], [55], [56], [67], [24], [25], [50], [57], [42], [59], [72], [39], [58], [44, 75], [10, 47], [45, 1, 19], [74, 48], [46, 65]]
7|Q:0.006843263686527358|Result:[[2], [16], [17], [29], [5], [7], [63], [60], [62], [77], [3], [54], [4], [33], [36], [73], [66], [21], [6], [32], [49], [53], [38], [26], [30], [8], [18], [9], [35], [52], [11], [31], [12], [37], [13], [34], [69], [41], [43], [76], [15], [51], [27], [61], [14], [68], [28], [64], [70], [20], [22], [40], [71], [55], [56], [24], [25], [50], [57], [42], [59], [72], [39], [58], [44, 75], [10, 47], [45, 1, 19], [74, 48], [46, 65], [23, 67]]
8|Q:0.014019778039556067|Result:[[2], [16], [17], [29], [5], [7], [63], [60], [62], [77], [3], [54], [4], [33], [36], [66], [21], [6], [32], [49], [53], [38], [26], [30], [8], [18], [9], [35], [52], [11], [31], [12], [37], [13], [34], [69], [41], [43], [76], [15], [51], [27], [61], [14], [68], [28], [64], [70], [20], [22], [40], [71], [55], [56], [24], [25], [50], [57], [42], [59], [72], [39], [58], [44, 75], [10, 47], [45, 1, 19], [74, 48], [46, 65], [73, 23, 67]]
9|Q:0.019127038254076495|Result:[[2], [16], [17], [29], [7], [63], [60], [62], [77], [3], [54], [4], [33], [36], [66], [21], [6], [32], [49], [53], [38], [26], [30], [8], [18], [9], [35], [52], [11], [31], [12], [37], [13], [34], [69], [41], [43], [76], [15], [51], [27], [61], [14], [68], [28], [64], [70], [20], [22], [40], [71], [55], [56], [24], [25], [50], [57], [42], [59], [72], [39], [58], [44, 75], [10, 47], [45, 1, 19], [74, 48], [46, 65], [5, 73, 23, 67]]
10|Q:0.024645049290098565|Result:[[2], [16], [17], [29], [7], [63], [60], [62], [77], [3], [54], [4], [33], [36], [21], [6], [32], [49], [53], [38], [26], [30], [8], [18], [9], [35], [52], [11], [31], [12], [37], [13], [34], [69], [41], [43], [76], [15], [51], [27], [61], [14], [68], [28], [64], [70], [20], [22], [40], [71], [55], [56], [24], [25], [50], [57], [42], [59], [72], [39], [58], [44, 75], [10, 47], [45, 1, 19], [74, 48], [46, 65], [66, 5, 73, 23, 67]]
11|Q:0.02859755719511438|Result:[[2], [16], [17], [29], [7], [63], [62], [77], [3], [54], [4], [33], [36], [21], [6], [32], [49], [53], [38], [26], [30], [8], [18], [9], [35], [52], [11], [31], [12], [37], [13], [34], [69], [41], [43], [76], [15], [51], [27], [61], [14], [68], [28], [64], [70], [20], [22], [40], [71], [55], [56], [24], [25], [50], [57], [42], [59], [72], [39], [58], [44, 75], [10, 47], [45, 1, 19], [74, 48], [46, 65], [60, 66, 5, 73, 23, 67]]
12|Q:0.03334056668113336|Result:[[2], [17], [29], [7], [63], [62], [77], [3], [54], [4], [33], [36], [21], [6], [32], [49], [53], [38], [26], [30], [8], [18], [9], [35], [52], [11], [31], [12], [37], [13], [34], [69], [41], [43], [76], [15], [51], [27], [61], [14], [68], [28], [64], [70], [20], [22], [40], [71], [55], [56], [24], [25], [50], [57], [42], [59], [72], [39], [58], [44, 75], [10, 47], [45, 1, 19], [74, 48], [46, 65], [16, 60, 66, 5, 73, 23, 67]]
13|Q:0.039517329034658044|Result:[[2], [17], [29], [7], [63], [62], [77], [3], [54], [4], [33], [36], [21], [6], [32], [49], [53], [38], [26], [30], [8], [18], [9], [35], [52], [11], [31], [12], [37], [13], [34], [69], [41], [43], [76], [15], [51], [27], [61], [14], [28], [64], [70], [20], [22], [40], [71], [55], [56], [24], [25], [50], [57], [42], [59], [72], [39], [58], [44, 75], [10, 47], [45, 1, 19], [74, 48], [46, 65], [68, 16, 60, 66, 5, 73, 23, 67]]
14|Q:0.045438340876681735|Result:[[2], [17], [29], [7], [63], [62], [3], [54], [4], [33], [36], [21], [6], [32], [49], [53], [38], [26], [30], [8], [18], [9], [35], [52], [11], [31], [12], [37], [13], [34], [69], [41], [43], [76], [15], [51], [27], [61], [14], [28], [64], [70], [20], [22], [40], [71], [55], [56], [24], [25], [50], [57], [42], [59], [72], [39], [58], [44, 75], [10, 47], [45, 1, 19], [74, 48], [46, 65], [77, 68, 16, 60, 66, 5, 73, 23, 67]]
15|Q:0.05452135904271808|Result:[[2], [17], [7], [63], [62], [3], [54], [4], [33], [36], [21], [6], [32], [49], [53], [38], [26], [30], [8], [18], [9], [35], [52], [11], [31], [12], [37], [13], [34], [69], [41], [43], [76], [15], [51], [27], [61], [14], [28], [64], [70], [20], [22], [40], [71], [55], [56], [24], [25], [50], [57], [42], [59], [72], [39], [58], [44, 75], [10, 47], [45, 1, 19], [74, 48], [46, 65], [29, 77, 68, 16, 60, 66, 5, 73, 23, 67]]
16|Q:0.06676638353276705|Result:[[17], [7], [63], [62], [3], [54], [4], [33], [36], [21], [6], [32], [49], [53], [38], [26], [30], [8], [18], [9], [35], [52], [11], [31], [12], [37], [13], [34], [69], [41], [43], [76], [15], [51], [27], [61], [14], [28], [64], [70], [20], [22], [40], [71], [55], [56], [24], [25], [50], [57], [42], [59], [72], [39], [58], [44, 75], [10, 47], [45, 1, 19], [74, 48], [46, 65], [2, 29, 77, 68, 16, 60, 66, 5, 73, 23, 67]]
17|Q:0.0813519127038254|Result:[[17], [7], [62], [3], [54], [4], [33], [36], [21], [6], [32], [49], [53], [38], [26], [30], [8], [18], [9], [35], [52], [11], [31], [12], [37], [13], [34], [69], [41], [43], [76], [15], [51], [27], [61], [14], [28], [64], [70], [20], [22], [40], [71], [55], [56], [24], [25], [50], [57], [42], [59], [72], [39], [58], [44, 75], [10, 47], [45, 1, 19], [74, 48], [46, 65], [63, 2, 29, 77, 68, 16, 60, 66, 5, 73, 23, 67]]
18|Q:0.09681319362638727|Result:[[17], [62], [3], [54], [4], [33], [36], [21], [6], [32], [49], [53], [38], [26], [30], [8], [18], [9], [35], [52], [11], [31], [12], [37], [13], [34], [69], [41], [43], [76], [15], [51], [27], [61], [14], [28], [64], [70], [20], [22], [40], [71], [55], [56], [24], [25], [50], [57], [42], [59], [72], [39], [58], [44, 75], [10, 47], [45, 1, 19], [74, 48], [46, 65], [7, 63, 2, 29, 77, 68, 16, 60, 66, 5, 73, 23, 67]]
19|Q:0.11359972719945441|Result:[[17], [3], [54], [4], [33], [36], [21], [6], [32], [49], [53], [38], [26], [30], [8], [18], [9], [35], [52], [11], [31], [12], [37], [13], [34], [69], [41], [43], [76], [15], [51], [27], [61], [14], [28], [64], [70], [20], [22], [40], [71], [55], [56], [24], [25], [50], [57], [42], [59], [72], [39], [58], [44, 75], [10, 47], [45, 1, 19], [74, 48], [46, 65], [62, 7, 63, 2, 29, 77, 68, 16, 60, 66, 5, 73, 23, 67]]
20|Q:0.11746698493396987|Result:[[17], [3], [54], [4], [33], [36], [21], [6], [32], [49], [53], [38], [26], [30], [8], [18], [9], [35], [52], [11], [31], [12], [37], [13], [34], [69], [41], [43], [76], [15], [51], [27], [61], [14], [28], [64], [70], [20], [40], [71], [56], [24], [25], [50], [57], [42], [59], [72], [39], [58], [44, 75], [10, 47], [45, 1, 19], [74, 48], [46, 65], [62, 7, 63, 2, 29, 77, 68, 16, 60, 66, 5, 73, 23, 67], [22, 55]]
21|Q:0.12487599975199952|Result:[[17], [3], [54], [4], [33], [36], [21], [6], [32], [49], [53], [38], [26], [30], [8], [18], [9], [35], [52], [11], [31], [12], [13], [34], [69], [41], [43], [76], [15], [51], [27], [61], [14], [28], [64], [70], [20], [40], [71], [56], [24], [25], [50], [57], [42], [59], [72], [39], [58], [44, 75], [10, 47], [45, 1, 19], [74, 48], [46, 65], [62, 7, 63, 2, 29, 77, 68, 16, 60, 66, 5, 73, 23, 67], [37, 22, 55]]
22|Q:0.13222301444602888|Result:[[3], [54], [4], [33], [36], [21], [6], [32], [49], [53], [38], [26], [30], [8], [18], [9], [35], [52], [11], [31], [12], [13], [34], [69], [41], [43], [76], [15], [51], [27], [61], [14], [28], [64], [70], [20], [40], [71], [56], [24], [25], [50], [57], [42], [59], [72], [39], [58], [44, 75], [10, 47], [45, 1, 19], [74, 48], [46, 65], [62, 7, 63, 2, 29, 77, 68, 16, 60, 66, 5, 73, 23, 67], [17, 37, 22, 55]]
23|Q:0.1360825221650443|Result:[[3], [54], [33], [36], [21], [6], [32], [49], [53], [38], [26], [30], [8], [18], [9], [35], [52], [11], [31], [12], [13], [34], [69], [41], [43], [76], [15], [51], [27], [61], [14], [28], [64], [70], [20], [40], [71], [56], [24], [25], [50], [57], [42], [59], [72], [39], [58], [44, 75], [45, 1, 19], [74, 48], [46, 65], [62, 7, 63, 2, 29, 77, 68, 16, 60, 66, 5, 73, 23, 67], [17, 37, 22, 55], [4, 10, 47]]
24|Q:0.1411355322710645|Result:[[3], [54], [33], [36], [21], [6], [32], [49], [53], [38], [26], [30], [8], [18], [9], [35], [52], [11], [31], [12], [13], [34], [69], [41], [43], [76], [15], [51], [27], [61], [14], [28], [64], [70], [20], [40], [71], [56], [24], [25], [50], [57], [42], [59], [72], [39], [58], [44, 75], [45, 1, 19], [74, 48], [46, 65], [62, 7, 63, 2, 29, 77, 68, 16, 60, 66, 5, 73, 23, 67], [17, 37, 22, 55, 4, 10, 47]]
25|Q:0.1449872899745799|Result:[[3], [54], [33], [36], [21], [6], [32], [49], [53], [38], [26], [30], [9], [35], [52], [11], [31], [12], [13], [34], [69], [41], [43], [76], [15], [51], [27], [61], [14], [28], [64], [70], [20], [40], [71], [56], [24], [25], [50], [57], [42], [59], [72], [39], [58], [44, 75], [45, 1, 19], [74, 48], [46, 65], [62, 7, 63, 2, 29, 77, 68, 16, 60, 66, 5, 73, 23, 67], [17, 37, 22, 55, 4, 10, 47], [8, 18]]
26|Q:0.1488157976315952|Result:[[3], [54], [33], [36], [21], [6], [32], [49], [53], [38], [26], [30], [9], [35], [52], [11], [31], [12], [13], [34], [69], [41], [43], [76], [15], [51], [27], [61], [14], [28], [64], [70], [20], [40], [71], [24], [25], [50], [57], [42], [59], [72], [39], [44, 75], [45, 1, 19], [74, 48], [46, 65], [62, 7, 63, 2, 29, 77, 68, 16, 60, 66, 5, 73, 23, 67], [17, 37, 22, 55, 4, 10, 47], [8, 18], [56, 58]]
27|Q:0.1553645607291214|Result:[[3], [54], [33], [36], [21], [6], [32], [49], [53], [38], [26], [30], [9], [35], [52], [11], [31], [12], [13], [34], [69], [41], [43], [76], [15], [27], [61], [14], [28], [64], [70], [20], [40], [71], [24], [25], [50], [57], [42], [59], [72], [39], [44, 75], [45, 1, 19], [74, 48], [46, 65], [62, 7, 63, 2, 29, 77, 68, 16, 60, 66, 5, 73, 23, 67], [17, 37, 22, 55, 4, 10, 47], [8, 18], [51, 56, 58]]
28|Q:0.16237057474114946|Result:[[3], [54], [33], [36], [21], [6], [32], [49], [53], [38], [26], [30], [9], [35], [52], [11], [31], [12], [13], [34], [69], [41], [43], [76], [15], [27], [61], [14], [28], [64], [70], [20], [40], [71], [24], [50], [57], [42], [59], [72], [39], [44, 75], [45, 1, 19], [74, 48], [46, 65], [62, 7, 63, 2, 29, 77, 68, 16, 60, 66, 5, 73, 23, 67], [17, 37, 22, 55, 4, 10, 47], [8, 18], [25, 51, 56, 58]]
29|Q:0.17219759439518875|Result:[[3], [54], [33], [36], [21], [6], [32], [49], [53], [38], [26], [30], [9], [35], [52], [11], [31], [12], [13], [34], [69], [41], [43], [76], [15], [27], [61], [14], [28], [64], [70], [20], [40], [71], [24], [50], [57], [42], [59], [72], [39], [44, 75], [45, 1, 19], [74, 48], [62, 7, 63, 2, 29, 77, 68, 16, 60, 66, 5, 73, 23, 67], [17, 37, 22, 55, 4, 10, 47], [8, 18], [46, 65, 25, 51, 56, 58]]
30|Q:0.18453561907123814|Result:[[3], [33], [36], [21], [6], [32], [49], [53], [38], [26], [30], [9], [35], [52], [11], [31], [12], [13], [34], [69], [41], [43], [76], [15], [27], [61], [14], [28], [64], [70], [20], [40], [71], [24], [50], [57], [42], [59], [72], [39], [44, 75], [45, 1, 19], [74, 48], [62, 7, 63, 2, 29, 77, 68, 16, 60, 66, 5, 73, 23, 67], [17, 37, 22, 55, 4, 10, 47], [8, 18], [54, 46, 65, 25, 51, 56, 58]]
31|Q:0.1904333808667617|Result:[[3], [33], [36], [21], [6], [32], [49], [53], [38], [26], [30], [9], [35], [52], [11], [31], [12], [13], [34], [69], [41], [43], [76], [15], [27], [61], [14], [28], [64], [70], [20], [40], [71], [24], [50], [57], [42], [59], [72], [39], [44, 75], [45, 1, 19], [62, 7, 63, 2, 29, 77, 68, 16, 60, 66, 5, 73, 23, 67], [17, 37, 22, 55, 4, 10, 47], [8, 18], [74, 48, 54, 46, 65, 25, 51, 56, 58]]
32|Q:0.19440138880277757|Result:[[3], [33], [36], [21], [6], [32], [53], [38], [26], [30], [9], [35], [52], [11], [31], [12], [13], [34], [69], [41], [43], [76], [15], [27], [61], [14], [28], [64], [70], [20], [40], [71], [24], [50], [57], [42], [59], [72], [39], [44, 75], [45, 1, 19], [62, 7, 63, 2, 29, 77, 68, 16, 60, 66, 5, 73, 23, 67], [17, 37, 22, 55, 4, 10, 47], [8, 18], [49, 74, 48, 54, 46, 65, 25, 51, 56, 58]]
33|Q:0.1980593961187922|Result:[[3], [33], [36], [21], [6], [32], [53], [38], [26], [30], [9], [35], [52], [12], [13], [34], [69], [41], [43], [76], [15], [27], [61], [14], [28], [64], [70], [20], [40], [71], [24], [50], [57], [42], [59], [72], [39], [44, 75], [45, 1, 19], [62, 7, 63, 2, 29, 77, 68, 16, 60, 66, 5, 73, 23, 67], [17, 37, 22, 55, 4, 10, 47], [8, 18], [49, 74, 48, 54, 46, 65, 25, 51, 56, 58], [11, 31]]
34|Q:0.20537541075082144|Result:[[3], [33], [36], [21], [6], [32], [53], [38], [26], [30], [9], [35], [12], [13], [34], [69], [41], [43], [76], [15], [27], [61], [14], [28], [64], [70], [20], [40], [71], [24], [50], [57], [42], [59], [72], [39], [44, 75], [45, 1, 19], [62, 7, 63, 2, 29, 77, 68, 16, 60, 66, 5, 73, 23, 67], [17, 37, 22, 55, 4, 10, 47], [8, 18], [49, 74, 48, 54, 46, 65, 25, 51, 56, 58], [52, 11, 31]]
35|Q:0.21634943269886536|Result:[[3], [33], [36], [21], [6], [32], [53], [38], [26], [30], [9], [12], [13], [34], [69], [41], [43], [76], [15], [27], [61], [14], [28], [64], [70], [20], [40], [71], [24], [50], [57], [42], [59], [72], [39], [44, 75], [45, 1, 19], [62, 7, 63, 2, 29, 77, 68, 16, 60, 66, 5, 73, 23, 67], [17, 37, 22, 55, 4, 10, 47], [8, 18], [49, 74, 48, 54, 46, 65, 25, 51, 56, 58], [35, 52, 11, 31]]
36|Q:0.23098146196292388|Result:[[3], [33], [36], [21], [6], [32], [53], [38], [26], [30], [12], [13], [34], [69], [41], [43], [76], [15], [27], [61], [14], [28], [64], [70], [20], [40], [71], [24], [50], [57], [42], [59], [72], [39], [44, 75], [45, 1, 19], [62, 7, 63, 2, 29, 77, 68, 16, 60, 66, 5, 73, 23, 67], [17, 37, 22, 55, 4, 10, 47], [8, 18], [49, 74, 48, 54, 46, 65, 25, 51, 56, 58], [9, 35, 52, 11, 31]]
37|Q:0.23694897389794778|Result:[[3], [33], [36], [21], [6], [32], [53], [38], [26], [30], [12], [13], [34], [69], [41], [43], [76], [15], [27], [61], [14], [28], [64], [70], [20], [40], [71], [24], [50], [57], [42], [59], [72], [39], [44, 75], [45, 1, 19], [62, 7, 63, 2, 29, 77, 68, 16, 60, 66, 5, 73, 23, 67], [8, 18], [49, 74, 48, 54, 46, 65, 25, 51, 56, 58], [17, 37, 22, 55, 4, 10, 47, 9, 35, 52, 11, 31]]
38|Q:0.240506231012462|Result:[[3], [33], [36], [21], [6], [32], [53], [38], [12], [13], [34], [69], [41], [43], [76], [15], [27], [61], [14], [28], [64], [70], [20], [40], [71], [24], [50], [57], [42], [59], [72], [39], [44, 75], [45, 1, 19], [62, 7, 63, 2, 29, 77, 68, 16, 60, 66, 5, 73, 23, 67], [8, 18], [49, 74, 48, 54, 46, 65, 25, 51, 56, 58], [17, 37, 22, 55, 4, 10, 47, 9, 35, 52, 11, 31], [26, 30]]
39|Q:0.24762074524149044|Result:[[3], [33], [36], [21], [6], [32], [53], [12], [13], [34], [69], [41], [43], [76], [15], [27], [61], [14], [28], [64], [70], [20], [40], [71], [24], [50], [57], [42], [59], [72], [39], [44, 75], [45, 1, 19], [62, 7, 63, 2, 29, 77, 68, 16, 60, 66, 5, 73, 23, 67], [8, 18], [49, 74, 48, 54, 46, 65, 25, 51, 56, 58], [17, 37, 22, 55, 4, 10, 47, 9, 35, 52, 11, 31], [38, 26, 30]]
40|Q:0.25829251658503316|Result:[[3], [33], [36], [21], [6], [32], [12], [13], [34], [69], [41], [43], [76], [15], [27], [61], [14], [28], [64], [70], [20], [40], [71], [24], [50], [57], [42], [59], [72], [39], [44, 75], [45, 1, 19], [62, 7, 63, 2, 29, 77, 68, 16, 60, 66, 5, 73, 23, 67], [8, 18], [49, 74, 48, 54, 46, 65, 25, 51, 56, 58], [17, 37, 22, 55, 4, 10, 47, 9, 35, 52, 11, 31], [53, 38, 26, 30]]
41|Q:0.27252154504309006|Result:[[3], [33], [36], [21], [6], [12], [13], [34], [69], [41], [43], [76], [15], [27], [61], [14], [28], [64], [70], [20], [40], [71], [24], [50], [57], [42], [59], [72], [39], [44, 75], [45, 1, 19], [62, 7, 63, 2, 29, 77, 68, 16, 60, 66, 5, 73, 23, 67], [8, 18], [49, 74, 48, 54, 46, 65, 25, 51, 56, 58], [17, 37, 22, 55, 4, 10, 47, 9, 35, 52, 11, 31], [32, 53, 38, 26, 30]]
42|Q:0.29030783061566123|Result:[[3], [33], [36], [21], [12], [13], [34], [69], [41], [43], [76], [15], [27], [61], [14], [28], [64], [70], [20], [40], [71], [24], [50], [57], [42], [59], [72], [39], [44, 75], [45, 1, 19], [62, 7, 63, 2, 29, 77, 68, 16, 60, 66, 5, 73, 23, 67], [8, 18], [49, 74, 48, 54, 46, 65, 25, 51, 56, 58], [17, 37, 22, 55, 4, 10, 47, 9, 35, 52, 11, 31], [6, 32, 53, 38, 26, 30]]
43|Q:0.2937023374046748|Result:[[3], [33], [36], [21], [12], [13], [69], [41], [76], [15], [27], [61], [14], [28], [64], [70], [20], [40], [71], [24], [50], [57], [42], [59], [72], [39], [44, 75], [45, 1, 19], [62, 7, 63, 2, 29, 77, 68, 16, 60, 66, 5, 73, 23, 67], [8, 18], [49, 74, 48, 54, 46, 65, 25, 51, 56, 58], [17, 37, 22, 55, 4, 10, 47, 9, 35, 52, 11, 31], [6, 32, 53, 38, 26, 30], [34, 43]]
44|Q:0.29999534999069993|Result:[[3], [33], [36], [21], [12], [13], [69], [41], [15], [27], [61], [14], [28], [64], [70], [20], [40], [71], [24], [50], [57], [42], [59], [72], [39], [44, 75], [45, 1, 19], [62, 7, 63, 2, 29, 77, 68, 16, 60, 66, 5, 73, 23, 67], [8, 18], [49, 74, 48, 54, 46, 65, 25, 51, 56, 58], [17, 37, 22, 55, 4, 10, 47, 9, 35, 52, 11, 31], [6, 32, 53, 38, 26, 30], [76, 34, 43]]
45|Q:0.30910936821873647|Result:[[3], [33], [36], [21], [12], [13], [41], [15], [27], [61], [14], [28], [64], [70], [20], [40], [71], [24], [50], [57], [42], [59], [72], [39], [44, 75], [45, 1, 19], [62, 7, 63, 2, 29, 77, 68, 16, 60, 66, 5, 73, 23, 67], [8, 18], [49, 74, 48, 54, 46, 65, 25, 51, 56, 58], [17, 37, 22, 55, 4, 10, 47, 9, 35, 52, 11, 31], [6, 32, 53, 38, 26, 30], [69, 76, 34, 43]]
46|Q:0.3207266414532829|Result:[[3], [33], [36], [21], [12], [13], [15], [27], [61], [14], [28], [64], [70], [20], [40], [71], [24], [50], [57], [42], [59], [72], [39], [44, 75], [45, 1, 19], [62, 7, 63, 2, 29, 77, 68, 16, 60, 66, 5, 73, 23, 67], [8, 18], [49, 74, 48, 54, 46, 65, 25, 51, 56, 58], [17, 37, 22, 55, 4, 10, 47, 9, 35, 52, 11, 31], [6, 32, 53, 38, 26, 30], [41, 69, 76, 34, 43]]
47|Q:0.3349711699423399|Result:[[3], [33], [36], [21], [12], [15], [27], [61], [14], [28], [64], [70], [20], [40], [71], [24], [50], [57], [42], [59], [72], [39], [44, 75], [45, 1, 19], [62, 7, 63, 2, 29, 77, 68, 16, 60, 66, 5, 73, 23, 67], [8, 18], [49, 74, 48, 54, 46, 65, 25, 51, 56, 58], [17, 37, 22, 55, 4, 10, 47, 9, 35, 52, 11, 31], [6, 32, 53, 38, 26, 30], [13, 41, 69, 76, 34, 43]]
48|Q:0.3508044516089032|Result:[[3], [36], [21], [12], [15], [27], [61], [14], [28], [64], [70], [20], [40], [71], [24], [50], [57], [42], [59], [72], [39], [44, 75], [45, 1, 19], [62, 7, 63, 2, 29, 77, 68, 16, 60, 66, 5, 73, 23, 67], [8, 18], [49, 74, 48, 54, 46, 65, 25, 51, 56, 58], [17, 37, 22, 55, 4, 10, 47, 9, 35, 52, 11, 31], [6, 32, 53, 38, 26, 30], [33, 13, 41, 69, 76, 34, 43]]
49|Q:0.3687069874139748|Result:[[3], [36], [21], [12], [15], [61], [14], [28], [64], [70], [20], [40], [71], [24], [50], [57], [42], [59], [72], [39], [44, 75], [45, 1, 19], [62, 7, 63, 2, 29, 77, 68, 16, 60, 66, 5, 73, 23, 67], [8, 18], [49, 74, 48, 54, 46, 65, 25, 51, 56, 58], [17, 37, 22, 55, 4, 10, 47, 9, 35, 52, 11, 31], [6, 32, 53, 38, 26, 30], [27, 33, 13, 41, 69, 76, 34, 43]]
50|Q:0.38850827701655405|Result:[[3], [36], [21], [12], [15], [14], [28], [64], [70], [20], [40], [71], [24], [50], [57], [42], [59], [72], [39], [44, 75], [45, 1, 19], [62, 7, 63, 2, 29, 77, 68, 16, 60, 66, 5, 73, 23, 67], [8, 18], [49, 74, 48, 54, 46, 65, 25, 51, 56, 58], [17, 37, 22, 55, 4, 10, 47, 9, 35, 52, 11, 31], [6, 32, 53, 38, 26, 30], [61, 27, 33, 13, 41, 69, 76, 34, 43]]
51|Q:0.41130882261764523|Result:[[3], [36], [21], [12], [14], [28], [64], [70], [20], [40], [71], [24], [50], [57], [42], [59], [72], [39], [44, 75], [45, 1, 19], [62, 7, 63, 2, 29, 77, 68, 16, 60, 66, 5, 73, 23, 67], [8, 18], [49, 74, 48, 54, 46, 65, 25, 51, 56, 58], [17, 37, 22, 55, 4, 10, 47, 9, 35, 52, 11, 31], [6, 32, 53, 38, 26, 30], [15, 61, 27, 33, 13, 41, 69, 76, 34, 43]]
52|Q:0.42835885671771345|Result:[[3], [36], [21], [12], [14], [28], [64], [70], [20], [40], [71], [24], [50], [57], [42], [59], [72], [39], [44, 75], [45, 1, 19], [62, 7, 63, 2, 29, 77, 68, 16, 60, 66, 5, 73, 23, 67], [49, 74, 48, 54, 46, 65, 25, 51, 56, 58], [17, 37, 22, 55, 4, 10, 47, 9, 35, 52, 11, 31], [6, 32, 53, 38, 26, 30], [8, 18, 15, 61, 27, 33, 13, 41, 69, 76, 34, 43]]
53|Q:0.4464783929567859|Result:[[3], [36], [21], [12], [14], [28], [64], [70], [20], [40], [71], [24], [50], [57], [42], [59], [72], [39], [44, 75], [62, 7, 63, 2, 29, 77, 68, 16, 60, 66, 5, 73, 23, 67], [49, 74, 48, 54, 46, 65, 25, 51, 56, 58], [17, 37, 22, 55, 4, 10, 47, 9, 35, 52, 11, 31], [6, 32, 53, 38, 26, 30], [45, 1, 19, 8, 18, 15, 61, 27, 33, 13, 41, 69, 76, 34, 43]]
54|Q:0.44972564945129895|Result:[[3], [36], [21], [12], [14], [28], [64], [70], [20], [40], [71], [24], [50], [57], [42], [59], [39], [44, 75], [62, 7, 63, 2, 29, 77, 68, 16, 60, 66, 5, 73, 23, 67], [49, 74, 48, 54, 46, 65, 25, 51, 56, 58], [6, 32, 53, 38, 26, 30], [45, 1, 19, 8, 18, 15, 61, 27, 33, 13, 41, 69, 76, 34, 43], [72, 17, 37, 22, 55, 4, 10, 47, 9, 35, 52, 11, 31]]
55|Q:0.4529651559303119|Result:[[3], [36], [21], [12], [14], [28], [64], [70], [20], [40], [71], [24], [50], [57], [42], [39], [44, 75], [62, 7, 63, 2, 29, 77, 68, 16, 60, 66, 5, 73, 23, 67], [49, 74, 48, 54, 46, 65, 25, 51, 56, 58], [6, 32, 53, 38, 26, 30], [45, 1, 19, 8, 18, 15, 61, 27, 33, 13, 41, 69, 76, 34, 43], [59, 72, 17, 37, 22, 55, 4, 10, 47, 9, 35, 52, 11, 31]]
56|Q:0.4561969123938248|Result:[[3], [36], [21], [12], [14], [28], [64], [70], [20], [40], [71], [24], [50], [57], [39], [44, 75], [62, 7, 63, 2, 29, 77, 68, 16, 60, 66, 5, 73, 23, 67], [49, 74, 48, 54, 46, 65, 25, 51, 56, 58], [6, 32, 53, 38, 26, 30], [45, 1, 19, 8, 18, 15, 61, 27, 33, 13, 41, 69, 76, 34, 43], [42, 59, 72, 17, 37, 22, 55, 4, 10, 47, 9, 35, 52, 11, 31]]
57|Q:0.45942091884183767|Result:[[3], [36], [21], [12], [14], [28], [64], [70], [20], [40], [71], [24], [50], [39], [44, 75], [62, 7, 63, 2, 29, 77, 68, 16, 60, 66, 5, 73, 23, 67], [49, 74, 48, 54, 46, 65, 25, 51, 56, 58], [6, 32, 53, 38, 26, 30], [45, 1, 19, 8, 18, 15, 61, 27, 33, 13, 41, 69, 76, 34, 43], [57, 42, 59, 72, 17, 37, 22, 55, 4, 10, 47, 9, 35, 52, 11, 31]]
58|Q:0.46263717527435055|Result:[[3], [36], [21], [12], [14], [28], [64], [70], [20], [40], [71], [24], [39], [44, 75], [62, 7, 63, 2, 29, 77, 68, 16, 60, 66, 5, 73, 23, 67], [49, 74, 48, 54, 46, 65, 25, 51, 56, 58], [6, 32, 53, 38, 26, 30], [45, 1, 19, 8, 18, 15, 61, 27, 33, 13, 41, 69, 76, 34, 43], [50, 57, 42, 59, 72, 17, 37, 22, 55, 4, 10, 47, 9, 35, 52, 11, 31]]
59|Q:0.4658456816913634|Result:[[3], [36], [21], [12], [14], [28], [64], [70], [20], [40], [71], [39], [44, 75], [62, 7, 63, 2, 29, 77, 68, 16, 60, 66, 5, 73, 23, 67], [49, 74, 48, 54, 46, 65, 25, 51, 56, 58], [6, 32, 53, 38, 26, 30], [45, 1, 19, 8, 18, 15, 61, 27, 33, 13, 41, 69, 76, 34, 43], [24, 50, 57, 42, 59, 72, 17, 37, 22, 55, 4, 10, 47, 9, 35, 52, 11, 31]]
60|Q:0.46904643809287616|Result:[[3], [36], [21], [12], [14], [28], [64], [70], [20], [71], [39], [44, 75], [62, 7, 63, 2, 29, 77, 68, 16, 60, 66, 5, 73, 23, 67], [49, 74, 48, 54, 46, 65, 25, 51, 56, 58], [6, 32, 53, 38, 26, 30], [45, 1, 19, 8, 18, 15, 61, 27, 33, 13, 41, 69, 76, 34, 43], [40, 24, 50, 57, 42, 59, 72, 17, 37, 22, 55, 4, 10, 47, 9, 35, 52, 11, 31]]
61|Q:0.472239444478889|Result:[[3], [36], [21], [12], [14], [28], [64], [70], [71], [39], [44, 75], [62, 7, 63, 2, 29, 77, 68, 16, 60, 66, 5, 73, 23, 67], [49, 74, 48, 54, 46, 65, 25, 51, 56, 58], [6, 32, 53, 38, 26, 30], [45, 1, 19, 8, 18, 15, 61, 27, 33, 13, 41, 69, 76, 34, 43], [20, 40, 24, 50, 57, 42, 59, 72, 17, 37, 22, 55, 4, 10, 47, 9, 35, 52, 11, 31]]
62|Q:0.4754247008494017|Result:[[3], [36], [21], [12], [14], [28], [64], [71], [39], [44, 75], [62, 7, 63, 2, 29, 77, 68, 16, 60, 66, 5, 73, 23, 67], [49, 74, 48, 54, 46, 65, 25, 51, 56, 58], [6, 32, 53, 38, 26, 30], [45, 1, 19, 8, 18, 15, 61, 27, 33, 13, 41, 69, 76, 34, 43], [70, 20, 40, 24, 50, 57, 42, 59, 72, 17, 37, 22, 55, 4, 10, 47, 9, 35, 52, 11, 31]]
63|Q:0.4786022072044144|Result:[[3], [36], [21], [12], [14], [28], [71], [39], [44, 75], [62, 7, 63, 2, 29, 77, 68, 16, 60, 66, 5, 73, 23, 67], [49, 74, 48, 54, 46, 65, 25, 51, 56, 58], [6, 32, 53, 38, 26, 30], [45, 1, 19, 8, 18, 15, 61, 27, 33, 13, 41, 69, 76, 34, 43], [64, 70, 20, 40, 24, 50, 57, 42, 59, 72, 17, 37, 22, 55, 4, 10, 47, 9, 35, 52, 11, 31]]
64|Q:0.48177196354392704|Result:[[3], [36], [21], [12], [28], [71], [39], [44, 75], [62, 7, 63, 2, 29, 77, 68, 16, 60, 66, 5, 73, 23, 67], [49, 74, 48, 54, 46, 65, 25, 51, 56, 58], [6, 32, 53, 38, 26, 30], [45, 1, 19, 8, 18, 15, 61, 27, 33, 13, 41, 69, 76, 34, 43], [14, 64, 70, 20, 40, 24, 50, 57, 42, 59, 72, 17, 37, 22, 55, 4, 10, 47, 9, 35, 52, 11, 31]]
65|Q:0.4849339698679397|Result:[[3], [36], [21], [28], [71], [39], [44, 75], [62, 7, 63, 2, 29, 77, 68, 16, 60, 66, 5, 73, 23, 67], [49, 74, 48, 54, 46, 65, 25, 51, 56, 58], [6, 32, 53, 38, 26, 30], [45, 1, 19, 8, 18, 15, 61, 27, 33, 13, 41, 69, 76, 34, 43], [12, 14, 64, 70, 20, 40, 24, 50, 57, 42, 59, 72, 17, 37, 22, 55, 4, 10, 47, 9, 35, 52, 11, 31]]
66|Q:0.48786347572695143|Result:[[3], [36], [21], [28], [71], [44, 75], [62, 7, 63, 2, 29, 77, 68, 16, 60, 66, 5, 73, 23, 67], [6, 32, 53, 38, 26, 30], [45, 1, 19, 8, 18, 15, 61, 27, 33, 13, 41, 69, 76, 34, 43], [12, 14, 64, 70, 20, 40, 24, 50, 57, 42, 59, 72, 17, 37, 22, 55, 4, 10, 47, 9, 35, 52, 11, 31], [39, 49, 74, 48, 54, 46, 65, 25, 51, 56, 58]]
67|Q:0.490769731539463|Result:[[3], [36], [21], [71], [44, 75], [6, 32, 53, 38, 26, 30], [45, 1, 19, 8, 18, 15, 61, 27, 33, 13, 41, 69, 76, 34, 43], [12, 14, 64, 70, 20, 40, 24, 50, 57, 42, 59, 72, 17, 37, 22, 55, 4, 10, 47, 9, 35, 52, 11, 31], [39, 49, 74, 48, 54, 46, 65, 25, 51, 56, 58], [28, 62, 7, 63, 2, 29, 77, 68, 16, 60, 66, 5, 73, 23, 67]]
68|Q:0.49314898629797255|Result:[[3], [36], [71], [44, 75], [6, 32, 53, 38, 26, 30], [45, 1, 19, 8, 18, 15, 61, 27, 33, 13, 41, 69, 76, 34, 43], [12, 14, 64, 70, 20, 40, 24, 50, 57, 42, 59, 72, 17, 37, 22, 55, 4, 10, 47, 9, 35, 52, 11, 31], [28, 62, 7, 63, 2, 29, 77, 68, 16, 60, 66, 5, 73, 23, 67], [21, 39, 49, 74, 48, 54, 46, 65, 25, 51, 56, 58]]
69|Q:0.4955204910409821|Result:[[3], [36], [44, 75], [6, 32, 53, 38, 26, 30], [45, 1, 19, 8, 18, 15, 61, 27, 33, 13, 41, 69, 76, 34, 43], [28, 62, 7, 63, 2, 29, 77, 68, 16, 60, 66, 5, 73, 23, 67], [21, 39, 49, 74, 48, 54, 46, 65, 25, 51, 56, 58], [71, 12, 14, 64, 70, 20, 40, 24, 50, 57, 42, 59, 72, 17, 37, 22, 55, 4, 10, 47, 9, 35, 52, 11, 31]]
70|Q:0.4978609957219915|Result:[[3], [44, 75], [6, 32, 53, 38, 26, 30], [45, 1, 19, 8, 18, 15, 61, 27, 33, 13, 41, 69, 76, 34, 43], [28, 62, 7, 63, 2, 29, 77, 68, 16, 60, 66, 5, 73, 23, 67], [21, 39, 49, 74, 48, 54, 46, 65, 25, 51, 56, 58], [36, 71, 12, 14, 64, 70, 20, 40, 24, 50, 57, 42, 59, 72, 17, 37, 22, 55, 4, 10, 47, 9, 35, 52, 11, 31]]
71|Q:0.5001705003410006|Result:[[44, 75], [6, 32, 53, 38, 26, 30], [45, 1, 19, 8, 18, 15, 61, 27, 33, 13, 41, 69, 76, 34, 43], [28, 62, 7, 63, 2, 29, 77, 68, 16, 60, 66, 5, 73, 23, 67], [36, 71, 12, 14, 64, 70, 20, 40, 24, 50, 57, 42, 59, 72, 17, 37, 22, 55, 4, 10, 47, 9, 35, 52, 11, 31], [3, 21, 39, 49, 74, 48, 54, 46, 65, 25, 51, 56, 58]]
72|Q:0.5005967511935024|Result:[[6, 32, 53, 38, 26, 30], [28, 62, 7, 63, 2, 29, 77, 68, 16, 60, 66, 5, 73, 23, 67], [36, 71, 12, 14, 64, 70, 20, 40, 24, 50, 57, 42, 59, 72, 17, 37, 22, 55, 4, 10, 47, 9, 35, 52, 11, 31], [3, 21, 39, 49, 74, 48, 54, 46, 65, 25, 51, 56, 58], [44, 75, 45, 1, 19, 8, 18, 15, 61, 27, 33, 13, 41, 69, 76, 34, 43]]
73|Q:0.5004572509145018|Result:[[28, 62, 7, 63, 2, 29, 77, 68, 16, 60, 66, 5, 73, 23, 67], [36, 71, 12, 14, 64, 70, 20, 40, 24, 50, 57, 42, 59, 72, 17, 37, 22, 55, 4, 10, 47, 9, 35, 52, 11, 31], [44, 75, 45, 1, 19, 8, 18, 15, 61, 27, 33, 13, 41, 69, 76, 34, 43], [6, 32, 53, 38, 26, 30, 3, 21, 39, 49, 74, 48, 54, 46, 65, 25, 51, 56, 58]]
74|Q:0.4622806745613492|Result:[[44, 75, 45, 1, 19, 8, 18, 15, 61, 27, 33, 13, 41, 69, 76, 34, 43], [6, 32, 53, 38, 26, 30, 3, 21, 39, 49, 74, 48, 54, 46, 65, 25, 51, 56, 58], [28, 62, 7, 63, 2, 29, 77, 68, 16, 60, 66, 5, 73, 23, 67, 36, 71, 12, 14, 64, 70, 20, 40, 24, 50, 57, 42, 59, 72, 17, 37, 22, 55, 4, 10, 47, 9, 35, 52, 11, 31]]
75|Q:0.36046097092194196|Result:[[28, 62, 7, 63, 2, 29, 77, 68, 16, 60, 66, 5, 73, 23, 67, 36, 71, 12, 14, 64, 70, 20, 40, 24, 50, 57, 42, 59, 72, 17, 37, 22, 55, 4, 10, 47, 9, 35, 52, 11, 31], [44, 75, 45, 1, 19, 8, 18, 15, 61, 27, 33, 13, 41, 69, 76, 34, 43, 6, 32, 53, 38, 26, 30, 3, 21, 39, 49, 74, 48, 54, 46, 65, 25, 51, 56, 58]]
76|Q:0.0|Result:[[28, 62, 7, 63, 2, 29, 77, 68, 16, 60, 66, 5, 73, 23, 67, 36, 71, 12, 14, 64, 70, 20, 40, 24, 50, 57, 42, 59, 72, 17, 37, 22, 55, 4, 10, 47, 9, 35, 52, 11, 31, 44, 75, 45, 1, 19, 8, 18, 15, 61, 27, 33, 13, 41, 69, 76, 34, 43, 6, 32, 53, 38, 26, 30, 3, 21, 39, 49, 74, 48, 54, 46, 65, 25, 51, 56, 58]]
